8901
 7972
 8124
 1306
 4430
 2214
 1839
 2816
 9442
 9614
 5318
 9380
 4086
 3721
 9076
 8243
 7795
 1301
 8315
 3981
 8619
 4803
 3751
 7167
 6694
 3193
 9385
 6808
 7936
  724
 9842
 5440
 8370
 9861
 4990
 1936
 3823
 9458
 3387
 2461
 2887
 5502
 1039
 4773
   82
  395
 1054
  945
  365
 8717
 1779
 1542
 6961
 9530
 5287
 1000
 5705
 4035
 1058
 1708
 7842
 7806
 9213
 4025
 8743
 3973
 7065
 1020
  687
 8882
 2709
 5289
 2364
   98
 6249
 4447
 5418
 8931
 6793
  591
 9697
 4199
 5723
 9816
 7005
 1747
 9165
 6043
 7626
 6459
 9093
 7337
 8001
 9550
 6841
  460
 7895
 9297
 3143
 8472
  481
 6579
 9642
 4234
 8287
 2368
 5938
 7666
 5532
 4365
 8207
 2537
 9626
 8703
 7298
  580
 1531
 6594
 4043
 7179
 3844
 3699
 3339
 3018
 1890
 7953
 2831
  542
 4221
 3773
 2151
 5466
 3603
 8837
 8961
 8562
 6545
 3826
 2836
 6609
 9760
 4938
 5995
 4450
 3984
 6180
 2209
   34
 6964
 9617
 2471
  203
 6146
 9579
 6557
 3275
  968
 8404
 6011
  315
 4457
 5600
 1765
 7961
 2407
 2031
 8306
 3829
 9008
 7133
 4986
 5760
 7603
 4898
 7706
 7446
 2271
 2002
 1921
 9575
 9634
 3390
 9412
  499
 5524
 7750
 2215
 4861
 7647
 5566
 4672
  801
 5709
 5798
 5213
 5682
 7718
 1760
 8927
 9533
  659
 6379
 5356
 1374
 6278
 7417
 6001
 6508
 1339
 6799
 3020
 1627
 2780
 3948
 2313
 2293
 4136
  740
 9837
 6418
 3764
 8553
 7230
 6778
 1660
 7610
 8424
 9622
 6974
 5795
 6205
 2270
 7070
 3700
 4611
 5805
 2294
 3298
 5525
 3064
 2292
 6298
 8658
 8770
 7555
 3029
 4423
 4060
 6542
 5872
 7146
 7295
 7879
 9450
 3756
 9765
 7184
 3952
 9355
 4298
 1647
 7971
 8194
  185
 5387
 1357
 2497
 3543
 5740
 2071
  634
 3600
 7125
 3357
 4371
 9558
 4796
  281
 6603
 9282
 9505
 8599
 9256
 1380
 7402
 7210
 9161
 3656
 3573
 7028
 7548
 7430
 7442
 5406
 7496
 6326
 5323
 6147
 4587
 9633
 2036
 8358
 3196
 1834
 7832
 1875
 4705
  965
 4491
 3857
 8007
 5357
 7960
 4847
 4508
 8347
 2207
 6686
 3868
 1938
 2175
 3928
 8755
 5675
 4917
 6039
 6106
 4725
  336
 8107
 6924
 9158
 9916
 4853
 2265
 9666
 1751
 4834
 6687
 2857
 7249
 6243
  304
 5925
 9817
 6226
  711
 2390
 3518
 5752
 9849
 8256
 3561
 2204
 3070
 1404
   20
 9554
 6896
 5286
 4690
 4806
 1221
 4797
 4874
 9035
 1008
 9928
 9232
 9874
 7145
 6012
 4131
 6668
 7694
 8311
 2122
 2445
 4062
 7056
 2689
 2147
 2508
 2703
 9548
 8622
 7011
 5144
 4253
 7303
 7770
 3023
 7506
 1067
 8317
 2417
 2749
 3133
  665
 9270
 7945
  956
 1577
 5988
 4873
 1540
 6311
 2956
 5361
 2344
 5854
 4244
 6411
 2487
 8537
 2834
 9430
 1611
 4572
 3192
 7889
 7408
 9553
  314
 6160
 7852
 2193
    4
 1310
 4514
  785
 5711
  193
 8849
 3679
 8722
  675
 5415
   65
 2160
 5827
 4362
 6945
 3304
 9523
 4505
 6044
 2645
 7997
  126
 4765
 8028
 3813
 1935
 1277
 6336
 4944
 9501
 7399
 9239
 2649
 3941
 2662
 6492
 5400
 3960
 1323
 4978
 1940
  122
 2942
 8055
 9901
 8410
 6679
 1463
   90
 1771
 1148
 5523
 4002
 2239
 5358
 2634
 1019
  492
 8492
 4984
 1527
 4759
 6329
 8630
 4140
 7296
 3795
 5605
 6783
 6814
 2444
 5217
 9163
  372
 7996
 2112
 2135
 5497
 8450
 7180
 5940
 7264
 5071
 4451
 4500
 7827
 8624
 9447
 8625
 6975
 6026
 6093
 4390
 4582
 9086
 3892
 1789
 7345
 6213
 3791
 2522
 4347
 2809
 7220
 6946
 8588
 6753
   25
 9184
 5974
 4495
 2401
 2402
 8554
 3970
 8726
  166
 3895
 5985
 8532
 6197
 1988
 3035
  190
  848
 4787
 7096
 1317
 8299
  182
 5904
  506
  817
 9894
 4882
 6157
 2881
 1752
 8874
 5704
 4143
 5651
 2411
 5750
 6387
 4313
 7041
 8869
 8379
 2183
 1991
 5476
 1584
 3830
 5170
 6432
 3021
 5891
 4067
 3750
 3396
 4667
  773
 6633
 1919
 1585
 6859
 3106
 3577
 1510
 1644
 5079
 4999
 1229
 1327
 1502
  285
 5859
 3485
 9584
  804
 8649
 9941
 3556
  321
 6698
 7225
 9898
 5734
 8296
 6116
 1107
 6214
  324
 8989
 3693
 2261
 3349
 9585
  224
 7015
 5886
 5493
 2250
 2926
 2492
  612
 5250
 6849
  234
 2290
 5732
 3326
 6638
 3417
 3180
 5823
 2950
 2067
 7367
 5306
 5640
 5227
 5182
 2779
 5632
 7377
 3220
 9981
 3328
 5631
 6244
 9433
 5789
 6910
 7503
 8476
  292
 2324
 9416
 4461
   53
  121
 7983
 6748
 5900
 3254
 8141
 2145
 2312
 1885
 4763
 2899
 7790
 4482
 4101
 9125
 7032
 2681
 9671
 5563
 9078
 5818
 6892
  836
 5242
 5537
  306
 2946
 1656
 3030
 4368
 2776
 6929
 4669
 6805
 7142
 1506
 2415
 5718
 4538
 3549
 1503
 3071
 3975
 2485
  124
  503
   22
  751
 4711
 8995
 8086
 4775
 8071
 7964
 1136
 9347
  878
  943
 5950
 5391
 7159
 9328
 2336
 1642
 4935
 2171
 5986
 1670
 7289
 9593
 8692
 2585
  200
 2966
 7943
 8938
 5642
 1730
 5595
 5014
 5516
 2495
 6361
 2182
 4182
 1998
 2869
 8031
 6741
  728
 2358
 5107
 2733
 9476
 2788
 5576
 2911
 9209
 8702
  899
 2704
 3514
 9835
 9155
 7604
 7492
 2547
 4288
 6239
 9340
 6308
 1075
 8156
 5505
 4256
 7190
 9195
 9552
 2993
 9907
 6995
 4104
 5239
 6991
 8227
 4373
 4449
 5442
 2096
 7470
 2076
 1416
 2564
 5598
 8206
 1406
 6998
 1257
  924
 4693
 2073
 8442
 8323
 8513
 6085
 6294
 7585
 9423
 1334
  351
 7454
 9926
 6354
  834
 8628
 1748
 9219
 4812
 3731
 1862
 5695
 3239
 9867
 4601
 6658
 7343
 2793
 5143
 9382
 2756
 1336
 8498
 1177
 1185
 3482
 1174
 5860
 8782
 6646
 2737
 1466
 4372
 9037
 9958
 5410
 2771
 4603
 3003
 6846
 4349
 2846
 1419
 3211
 6240
 2574
 6377
 3584
 7650
  252
 9672
 5256
 6181
 4795
 1736
 6024
 7258
  164
  338
  421
 4260
 3966
 2472
 1666
 5246
 4277
 8795
 1843
 2606
 9782
  720
 9191
 3554
 8771
 4314
 8063
  205
 8062
 2084
  459
 7045
 6427
 1158
  622
 5148
 7302
 3205
 7899
  387
 3186
 2817
 2597
 4291
 6582
 9000
 8788
 3053
 3786
 9070
 5590
 6182
 1193
 5674
   75
 6360
 8215
 5134
 7816
 1079
 8857
 6136
  213
 8290
 4957
 3347
  737
 6300
 9667
 2845
 9398
 6268
 1278
 9799
 2680
 1937
 2141
 2529
 3879
 8759
 6914
 2410
 6729
 4769
 4215
 9670
 7115
 8544
 5569
 2765
 5529
 2050
 7231
 2093
 2164
 8992
  970
  880
 9107
 6886
 5373
 3575
 9929
 2384
 2243
 4278
 7755
 2750
 5278
 5762
 3325
 1881
 3734
 9493
  714
 4330
 6798
  103
 5302
 7094
 8260
 4588
 6297
   37
  313
 8608
 3334
 2901
 1030
 8467
 2949
 3766
 6220
 5155
 3466
 9152
 7400
 9900
 9858
 8378
 1395
 3614
 9839
 3302
 4037
 5367
 2851
 8219
 4138
 2540
 9019
 7036
 4404
 8700
 7864
 2748
 5121
 1846
 4726
 6466
 4478
 8977
 3911
 3088
 4741
 5238
 4905
 8913
 9566
  894
 3266
 3834
 7907
 7314
 4321
 9541
 8907
 7031
 9645
 7459
 5097
 6497
 2035
 4790
 4418
 3845
 4174
 4146
 5624
  544
 7344
  143
  144
 3213
 6993
 5693
 8495
 7488
 7288
 7386
 7992
 5567
 2856
 1341
 6762
 8775
 9456
 7985
 3105
 1298
 8880
 5522
  210
 8844
  168
 1413
 9485
 9892
 2260
 7259
 8712
 4112
 8318
 9635
 1442
 5191
  788
 5878
 7786
 7530
 2221
 3997
 9006
 3261
 5034
  303
 8936
 4503
  389
 1979
 3473
 3705
 6087
 1383
 6860
  958
 1358
 8210
 9631
 1797
 8321
 4134
 7147
 9022
 4350
 5308
 8740
 8121
 6664
 7066
 7389
 3149
 9135
 9179
 5620
 1544
 7933
 4558
 3281
  815
 3164
 3165
 2996
 2377
 7805
 1925
 3408
  875
  656
 1444
 2763
 4881
 9216
 7101
  174
 7629
 4909
 9710
 4318
 3710
 7938
 7963
 7173
 1333
 8973
  467
 8752
 7896
 4927
   93
 7461
 4116
 1180
 5926
   27
  446
 9953
 5486
 4929
 2533
 3237
 3839
 3461
 5363
 8176
 7713
 4120
 7091
 3097
 6512
 5056
 2626
 4232
 5088
 3046
 4325
 2927
 5408
 6190
 5947
 3256
 2884
 6029
 7538
 2098
 4575
 1946
 9421
 1548
 6293
 1964
 7044
 1004
 2559
 7317
 8288
 8342
 9764
 9879
 9009
 9314
  652
 6692
  831
 8032
 8174
 4831
 8809
 9012
 2583
   76
 9492
 9831
 1405
 9851
 4334
 6058
 7823
 7040
 7743
 7881
  966
 9082
 6005
 4169
 6519
  464
 9873
  584
 4848
 5006
 6751
 5035
 1552
 7359
 9386
 3517
 4479
 9286
 5092
 3812
 2198
 1735
 1600
 3632
   15
 7330
 7451
 4532
 5906
 2964
 1453
 1571
 9171
 2995
 2985
 4440
 6132
 1473
 7043
 4578
 3081
 6645
 2369
 1974
 9207
 7460
 5429
 2685
 8617
 4754
 9845
 6334
 7648
 9204
 9809
 3674
 8229
 3210
 1267
  137
 4522
 9088
 6528
 6567
 9496
 6176
  429
 3036
  363
 3219
 9020
 9915
 1681
 1874
  498
 2118
 5597
 5145
 8106
 5020
 4639
 4275
 2104
 5090
 9226
 3489
 4020
 2069
 5478
  988
 4388
 1812
 9578
 8705
 9930
 5976
 5918
 9095
 5606
 5187
 3015
 4303
 7761
 2551
 7001
 5992
 9440
  678
 5743
 5907
 9396
 4571
 8933
 5749
 2373
 9317
 8699
 1493
 1274
 1973
 6527
 7351
 6678
  159
  782
 5343
 5390
 1477
 8689
 6425
 8008
 7566
 3951
  475
 5198
 2429
 3251
 8808
 2279
 3187
 4068
 5426
 1128
 8447
 7129
 6947
 7631
  743
 5012
 9560
 2389
 4250
 7606
 1676
 3673
 2970
 5233
 7320
 8921
 5041
 6345
 6702
  818
 9871
 7814
 5259
 2020
 1617
 2190
 6265
 3565
 8024
 6235
 2097
 2672
 9781
 4925
  977
 3728
 6720
 9992
 2960
 8650
 3235
 9311
 7100
 2944
 2582
  786
 6838
 8497
 1700
 6498
 9258
 1494
 6967
  921
 8021
 7698
 5957
 6706
  963
 1227
 9943
  702
 5425
  915
 6653
 3828
 9005
 3411
 2651
 3032
  266
 3175
 8994
  926
 6302
 4928
 1464
  615
 2553
 3621
 2114
 4766
 5416
 7575
 7152
  163
 7026
 5074
  568
 3507
 4122
 4261
  442
 1597
 4445
 2617
 7224
 4798
  807
 7857
 7284
 5770
 7978
 3581
 2392
 6986
 4194
 4027
 1674
 1594
 1381
 6622
 2847
 8536
 5481
 3729
 4095
 8856
 2039
 1703
 4895
 8767
 6712
 8089
 8041
 3744
 7980
 3066
 6978
 5773
 7352
 8419
 8060
 1251
 7162
 3184
 5710
 3638
 5982
 5956
 8319
 8264
  385
 6616
 3147
 9609
 2566
 6431
 6810
 6628
 6659
 4492
 8858
 8161
 4507
 2861
 8802
 5822
 8830
 8487
 6868
 8158
 1651
 5645
 6141
 4509
 7804
 9001
 6453
 5276
 7282
 7164
 9224
 3608
  576
 4800
 4474
 8198
 9029
 7082
 8489
 5815
 2075
 7625
 1563
 5811
 6215
 9773
 3230
 1915
 5504
 9227
 5791
 2443
 4444
 1906
 2351
 4179
  370
 2835
 3796
 8129
 2739
 2525
 2668
 6006
 8828
 9918
 4398
 7532
 6473
 9993
 8831
 1116
 9847
 8582
 2544
 4653
 1615
 7131
 6159
 1096
 6852
  333
 3824
 4108
 6861
 7109
 9481
 4814
 1397
 9079
 4717
  630
 5010
 8421
 3448
 6266
 9598
 2683
 2624
 1382
 8948
 2004
 8974
 5485
   78
 6378
 3760
 2796
 5029
 6035
 7749
 9150
 1452
 2786
 9746
 5130
 3049
  111
 5628
 5903
 1528
 2470
  399
 4715
 5303
  246
 9744
 4437
 9302
 7332
 3368
  283
 5874
 8539
 1480
 7540
 3677
 6587
 7136
 6617
 3905
 8887
 7833
 8598
 4137
 1342
  938
 8797
 7726
 6614
 8627
 2235
 3689
 9327
 8671
 2962
 7256
 3901
   96
 4791
 8744
 1326
 9776
 8177
 3595
  357
 9074
  414
 4645
 9740
 1867
 2475
 9248
 3240
 8783
 9974
 4238
 9825
 3424
 2799
 1428
 7151
 4930
 6475
 1683
 2376
 1445
 6920
 7591
 8720
 4580
 7655
 6419
 4949
 6121
 1285
 1959
 9040
 1375
 7759
 6856
 4458
  106
 4007
 4677
  820
 7373
 3802
 6760
 9487
 7618
 7362
  947
 1262
 8269
 6787
 1922
 5526
 7545
 5697
 3619
 4339
 2502
 3111
 2227
 5339
 2839
 6002
 7994
 8201
 1684
 9211
 5530
 2466
 5424
 1097
 6551
 3935
 4009
 8333
 1231
 4907
 3907
 7140
 7069
 2303
 3322
 5168
 6550
 7481
 5337
  707
 9203
 3217
 6068
 1204
 2952
 8683
 9064
  247
 4157
 3886
 9876
  638
 1905
 9364
 3369
 1507
 6245
 3381
 4093
 9137
 4341
 5764
 8979
 9991
 3132
 3377
 3124
 8403
 4176
 3363
 7716
 5748
 2289
 4982
 6272
 8355
 9935
  810
 8985
 2992
 1731
 2977
 6604
 8945
 1130
 1162
 8820
 3846
 7114
 7139
 8852
 2549
  521
 3361
  930
 7021
  666
  536
 8642
 9644
 2517
 4200
 9048
 7443
 6584
 3737
 6102
  611
 9569
 8654
 3637
 2663
 3232
 2534
 6510
 3610
 6270
 9605
 5345
 6507
 3568
 9503
 1042
 4177
 5049
 9850
 2276
 4697
  447
 1759
 8833
 9319
 2930
 4523
 4747
 3914
 4475
 6725
 3394
 3708
 9946
 4468
 1422
  532
 7689
 4056
  264
 1062
 6749
 9109
  991
 8391
 6195
   69
 7270
  555
 1266
 7161
 4159
 3662
 5101
 5594
 5441
 7598
 5249
 6417
  265
 1115
 6133
 9102
 6312
 4600
 8366
 1504
 8753
 2752
 5722
 6791
 6056
 4682
 1928
 9706
 5862
 2354
 6522
 7550
 5611
 4460
 3815
 6463
 4242
 4470
 8506
 3245
 7382
 7126
 2226
 3977
 7543
 7644
 5467
 5797
 4778
 2168
 2902
 6737
 1606
  961
 5301
 2423
 1743
 5545
   63
 3082
 2034
 6619
 4096
  471
 3598
 4535
 5462
  136
 4455
 4078
 3472
 1512
 5430
 2166
  226
   28
 9115
 2659
 6439
  626
 7915
 4317
 3557
  170
 3309
 9220
 1737
 8281
  934
 4894
  258
 5965
  563
 1733
 9844
 9987
 8574
 2456
  196
 5417
 2184
 2824
 3873
 4900
 5969
 7148
  529
  269
 1228
 6532
 7127
 8098
 4198
 4950
 5063
 7493
 5385
  287
 1291
 8147
 3686
 3774
  517
 1754
 8044
  814
 7414
 9154
 2696
  600
 4407
 1059
 5790
  929
 9902
 2482
 6850
  408
 5203
 8827
 7138
 1143
 5509
 9968
 3099
 1322
 3138
 6148
 6069
 3312
 6773
 6412
 3169
 1707
 4623
 1289
 2397
 8673
  417
 5325
 7060
 8232
 7534
 9143
 2201
  410
 9490
 9403
 3503
  900
 5231
 9783
 4659
 8951
 8728
 8120
 2045
 2760
 6765
 3611
 8515
 1595
 1352
  434
 5472
 8144
 3156
 6260
 9524
 8587
 4015
 8490
 6816
 7920
  474
 5465
 2428
 5251
 3642
 5047
 3131
 7073
 1543
 4855
 3633
 6478
 9562
 7508
  476
 3224
  139
 3574
 3904
 8950
 7817
 9802
 2858
 7652
 3058
 6283
  719
 4959
 6520
 7660
 8640
 8605
 7902
 2123
 8670
 8474
 5139
 4836
 6624
 5433
  355
  290
 1457
 1547
 8258
 5300
 8436
 6362
 7150
 6887
  384
 4854
  722
 7272
 6315
 9344
 2682
 9113
 8329
  858
 8978
 7619
 3459
 2307
 3617
 5296
 5656
 4352
 2907
 8870
 5756
 4028
 1648
  768
 1521
 9519
 2641
 2618
 5866
 4716
  847
 4939
 9201
 3923
 9654
 1057
 2611
 7081
 5024
 9477
 6314
 2131
 7819
  651
 7840
 9313
 1314
 2734
 2855
  672
 9303
 3560
 1619
 9391
 5166
 7491
 9439
 4289
 4629
 5621
  780
 4966
 5060
 5096
 2988
 4267
 4273
 3338
 5175
 2040
 1746
 6958
 8300
 9854
 6309
 2782
 1187
 3234
 3950
 3706
 1739
 4892
 7240
 2488
 3248
 5850
 9890
 5329
 5211
 7563
 7490
 7572
 1455
 7791
 1965
 1898
 3436
 4367
 7122
 9428
 9741
 1074
 8510
 3906
 6274
 2081
 6606
 2150
 1909
 3883
 6166
 6208
 6825
 8437
 5100
 3651
 3162
 5028
 5687
 5618
 6134
 3544
  925
   52
 4212
 6118
 1869
 8581
 9708
 9714
 9459
 7198
 3740
 5552
 4395
  220
 3045
 4779
 3667
  971
 1640
 1605
 6517
 1918
 8153
 4557
 3583
 2223
 1586
 7110
 4443
 8523
 3718
 3163
 6145
 1572
 4499
 8881
 1469
 9595
 1798
 6322
 3811
 7012
 1364
 5091
 8080
 8905
 4923
 2305
 1007
 8390
 5445
 7940
 9166
 7818
 5247
 9147
 2877
 3296
 5316
 2083
 4937
 4483
 8249
 7009
 6114
 3920
 3406
 7815
 5809
 7993
 5692
 7141
 2014
   71
 2202
 9713
 3937
 9843
 6534
 8388
   29
 5933
  904
 6629
 2959
 3037
 4211
 4410
   92
 6480
 6142
  884
 5298
 1426
 7699
 2625
 3719
 3252
 9882
 4453
 9144
 6271
 7199
 5254
 2480
 6289
 9775
 2434
 7576
 8263
 9862
 7440
 4762
 3292
 6110
 3223
 8609
 1601
 3246
 4473
  358
 3855
 1108
 6666
  107
  670
  509
 7734
  382
 4109
 4262
  610
 9796
  883
 3509
 2061
 9268
 6380
 8890
 7229
 8761
 2026
 7438
 4933
 9351
 6443
 8737
 8171
 7020
  979
 5685
 3273
  526
 5307
 8524
 8547
 6776
 5500
 2646
 6523
 6612
 4328
 9484
 9897
  837
 1578
 5451
 1281
  953
 6984
 2144
 4494
  688
 1247
 8669
 3714
 8255
 6211
 2398
 7727
 5434
 3453
 2843
 4038
 5341
 2323
 3536
 2037
  605
 9921
 2462
 7064
 5712
 3938
 8427
 8245
 9768
 7519
 3242
 7149
 4969
 3425
 9324
 2700
 2812
 8530
  301
 1860
 8482
 3243
 8911
 3814
 2412
 9949
 2804
 2355
 5745
 8163
 8559
 6496
 9498
 7742
 4218
 1818
 1518
 7428
  655
 2821
  291
 6656
 9937
 1904
 4312
 6899
 8731
 8013
 5978
 4326
 2572
  127
  693
 6397
 3348
 5561
 2277
  628
 4955
 6756
 5607
 6680
  233
  827
 2363
 2987
 1633
 1781
 5057
 9023
 8286
 8841
  731
 1623
 9910
 5944
  403
 6963
 6901
 9139
 3083
  783
 1139
 9970
 5826
 4926
 1429
 4608
 1024
 6444
 5935
 3016
 7900
 9463
 9422
 4264
  195
  941
 2109
 4132
 6337
  230
 1412
 9495
 4073
 6757
 4213
  727
 3430
 5519
 2479
 1055
 5783
 8861
 1768
 3345
 3092
 8620
 4436
  948
 7861
 1487
 2943
 6341
 5291
 9565
 3389
 1807
 6596
 7080
 4125
 2197
  570
 4880
 5864
 2623
 5991
  762
 1046
 6120
 9073
 7645
 6719
 1495
 6057
 4748
 1196
 6811
 2864
 6970
 2865
 6822
    9
 2266
 4408
  860
 2729
 9457
 8810
 4516
 3450
 2356
 7942
 2705
 4064
 5738
 3889
 4877
 3870
 1344
  199
 7597
 8986
  362
 6878
 4767
 2963
 1873
 9828
 9236
 9052
  910
 8902
 5654
 2334
 6718
 2807
 6818
 8514
 4868
 2059
 5787
 8736
 1105
 9878
 8548
  296
 1225
 2636
 6449
  914
 5869
 5895
 5082
 9734
 9149
  407
 5080
 4282
 8738
 8006
  554
 4780
  766
 7390
 5626
 5404
 1142
 3527
 1240
  698
 1702
 3221
 7236
 9300
 5452
 2520
 1258
 4294
  833
 1742
 3181
 2644
 9912
 2761
 7828
 3274
 7682
 3216
 3158
 2137
 1408
 3582
 3657
 8704
  757
 2110
 2500
 8471
 7071
 9160
 1945
 8451
 1788
 9761
 5141
 3177
 5846
  657
 9339
 4887
 5899
 6122
  913
 1942
  274
 9995
 8276
  508
 9084
 8954
 9441
 6218
  772
 7970
 1293
 3591
 8011
 4287
 4825
 1610
 8727
 1349
 2422
 5780
 2797
 4668
 1182
 1253
 2620
 2676
 8772
 1649
 4750
 9823
  873
 2322
 3392
 1864
 9786
 9909
 4872
 7278
 1288
 8213
 9830
 6530
 9408
 1246
 2871
 1082
 7709
 2436
  383
 6952
 7837
 9586
 7049
 8894
 2306
 3800
 7850
 3787
 4049
 9896
 7577
 5913
 4610
  830
 6957
  835
   59
  381
 1192
 4434
 5157
 1467
 7392
 7348
 1200
  419
 4792
 5689
 6081
 6538
  154
 9273
 1769
 3900
 3112
 8297
  778
 6004
 9287
 2016
 3902
 6008
 4412
 5265
 1002
 2925
 5350
 1282
 7123
 9936
 5248
 2125
 1458
 4006
 8222
 6536
 2345
 1170
 2868
 7007
 3780
 9260
 6441
 6191
  465
 1844
 7424
 8416
 5932
 4415
 3297
 4247
 3398
  923
 4913
 2477
 6154
 3940
  309
 9536
 8505
 8456
 9221
 6724
 1149
  742
  593
 1083
 6930
 4527
 7866
 6420
 9497
 3258
 1976
 8268
 2678
 4567
 9265
 9596
 9969
 5554
  271
 5394
  206
 3976
  918
 4309
 5003
 6641
 7375
 8616
 4592
 5819
  535
 7946
  102
 6033
  141
 1650
 5981
 9934
 5186
 6781
 8344
 9972
 6376
 5158
  155
 7811
  435
 6295
 5771
 1850
 8022
 7867
 5696
 6196
 6872
 6583
 5535
 7851
 9036
  616
  353
 1522
 8162
 3545
 6632
 1977
 9720
 8496
  142
 6615
 8083
 6331
 9703
 1569
 3095
 5221
 8049
 3468
 9280
 5369
 2113
 3925
 1063
 5261
 1387
 9961
 4036
 1525
 5019
 8659
 9673
 8653
 9818
 2064
 7090
 7027
 2650
 6589
 8312
 3168
 8259
 6570
 7387
 4746
 1081
 5898
 9285
 8479
 6036
 6052
 7956
  671
  662
  524
 2900
 3212
 1764
 4336
 1829
 9058
 7847
 1064
 3324
 6830
 3362
 2840
 2288
 7643
 6275
 7856
 8693
 6503
 1825
 9852
 8199
 9025
 5807
 2188
 7153
 5103
 2660
 1454
 5050
 3460
 5603
 4941
 6061
 6382
 1443
 5758
 2088
 3933
 9572
 2592
  120
 9889
 7863
  392
 2718
 9806
 9757
 8643
 8117
 5928
 5667
 8993
 3798
  286
 6944
 5588
 2173
 2212
 2350
 2116
 9145
 8872
 7121
 3510
 2712
 8937
 8220
 4427
 5407
 4224
 7693
  754
 2357
 7873
 6735
 6999
 5568
 2619
 7824
 9686
 4011
 3378
  981
  104
 3367
 4315
 7757
 8621
 6597
 5820
 9677
 3218
 1711
 6228
 5796
 4852
 2191
 7379
 4665
 5570
 4396
 8181
 8325
 4094
 6468
  789
 6209
 8618
 9332
 5943
 4054
 2882
 3539
 4573
 9252
 7350
 4964
 3358
 4678
 8884
 1598
 2299
  575
 4421
 4830
 4409
 5371
 8200
 7720
 3929
  405
  775
 1729
 1436
 9629
 3758
 9429
 8091
 3283
 2003
 2253
 9960
 9767
 2764
 4252
 6407
 9284
 5917
 3504
  649
 1953
 7596
  607
 8439
 5200
 7188
 7959
 9877
 1009
 7886
 3488
 5804
 3352
 1420
 1780
 7246
 2314
 5825
 4730
 5855
 6406
 9299
 3538
 9443
 1985
 4539
 1286
 9050
 1377
 1784
 9983
 5703
 2777
 8847
  449
 8332
 7251
 8097
  597
 2860
 4263
 7868
 7445
 1489
 9628
  348
 2041
 5663
 1190
 4167
 1727
 3547
 3620
 6581
  881
 4622
 2560
 7380
 7204
   50
  636
 4364
 5999
  838
 1378
 4274
 9162
 1417
 3373
 7893
 1710
 6836
 9742
 3763
 8411
 6338
   83
 8064
 1713
 5488
  320
 4308
 8105
 3178
 3552
 8449
 2999
 7919
 4689
 4335
 6575
 4082
 3109
 8328
  546
 4414
 1233
 1385
 1052
 5733
 9390
 7525
 5622
 7401
 3331
 1091
 3313
 2728
 1197
 9848
 6350
 9793
 1630
 3853
 2955
 3414
 6607
 9990
 1366
 3945
  497
  601
 6738
 3418
 4016
 2431
 5436
  378
 1628
  637
 2130
  664
 2078
 7581
 3722
 6053
 9504
 4673
  932
 7329
 9338
 6020
 2584
 3342
 3930
 3606
 8589
 9431
  940
 6324
 1801
 2178
 8754
 3576
 1783
 6546
  882
 1706
 8340
 5659
 5794
  186
  770
 4448
 7309
 3749
 1517
 9798
 3690
 4476
 8448
 5376
  188
 7955
 6474
 1284
 1943
 1460
 9100
 4183
 7087
 3500
 4168
  176
 4295
 2070
 2506
 1164
 4620
 3294
    8
 5396
 2989
 8733
 2979
 6064
 4784
 4239
 1954
 2633
 2200
 2272
 8747
 7233
 5179
 9908
 5270
 9305
 3014
 2143
 5190
  289
 5235
 7458
 4903
 2872
 8656
 8848
 7327
 1646
 2464
 3413
  305
  433
 8225
 4652
 5680
 2474
 5165
 2820
  507
 8113
 7865
 2628
 2108
 2152
  912
 7432
 7185
 9488
  682
 8792
 2365
 3116
 2643
 1966
 2383
 9185
 5177
 1705
 6518
 6541
 9994
 2876
 5930
 7711
 4266
 9060
 3579
 5077
   68
 7601
 4551
 7797
 9791
 2912
 1459
 8341
  340
 7934
 1951
  113
 8218
 6162
 1809
 1472
 7434
 8899
  523
 4467
 8140
 9975
 5669
 6457
 4105
 9119
 8633
 5883
 9399
 2348
 1770
 1089
 3593
  829
 6663
 3880
 8634
 9723
 7217
 5147
 7542
 7489
 2134
 5282
 9752
 7467
 2408
  484
 9253
 1391
 7266
 6113
 4992
 5963
 9233
 7243
 6763
 9222
 6851
 5581
 1806
 8850
 2465
 8081
 3897
 4764
 6926
 7255
 3445
 8507
 9461
 5851
 8714
 5401
 9453
 1624
 1222
 6758
 8128
 6573
 7193
 2630
 9516
 2321
 7374
   62
 9373
 6323
  418
 8334
 7830
 1023
 4166
 9293
 8546
  729
 2120
 3075
 7614
 4099
 3989
 1766
 9452
 2586
  260
 2269
 5484
 5784
 1878
 4342
  251
 1861
 1425
 1078
 1176
 8939
 2013
 5550
 7211
 3330
 5653
 8190
 5625
 5880
 8543
 8593
 8277
 2913
 3127
 5140
 9772
  448
 9538
 4998
 3063
 1529
 2366
 3376
 2918
 7038
 6422
  796
 6502
 7870
 2591
 6374
 2478
  573
 1255
 8750
  805
 2159
 9108
 6721
 4828
 7018
 8891
 8127
 5670
 9359
 3985
 8398
 6739
 9682
 7213
 9494
 1451
 9218
 1006
 2710
 1933
 6104
 8769
  606
 7156
 6933
 4180
 5399
  270
 5757
 6194
 4024
 5987
 1816
 7238
 4641
 5297
 3062
 4490
 7473
 6222
 4640
 2012
 7662
 7708
 1824
 9808
 3943
 4893
 6785
 4808
   38
 3303
 9325
 2304
   55
  452
 4975
 1901
 7668
 8103
 5439
 4001
 4207
  744
 7334
 4826
 6010
  889
 1580
 1236
 6996
 9973
 5272
 8430
 6642
 6224
 4322
 9537
 2087
 1917
 2784
 2513
 6889
 5052
 3765
 5630
 8922
 9321
 7034
 4574
 4493
 1309
 2715
 1920
 1855
  276
  477
 7463
 6442
 7707
 3451
 3567
 6953
 6305
 8405
 6516
 3927
 9063
 1659
 9466
 4265
 5160
 8148
 3166
 6344
 3634
 8036
 7531
 2257
 7307
 8766
 8917
 8267
 6819
 4098
 7783
  262
 4556
 4687
 3056
 8641
 3974
 3340
 2563
 3806
 4072
 7476
 2054
 8295
 8266
 9508
 3098
 1260
 4377
 1345
 8146
 8310
 7366
 8377
 9094
 2010
 1509
 9587
 9024
 6242
 5154
 1519
 5972
 2967
 4734
 3587
 8408
 1776
 4424
 2090
 4111
 8324
 6359
 9813
    3
 1709
 8132
 3566
 3887
 1329
 6959
 4967
 3946
 6429
 1523
 1570
 6495
 6394
 1926
 8646
  134
 1891
 9389
 2074
 5912
  812
  917
 6018
 9214
 1178
 1641
  480
 4118
 6472
 2875
 9238
 8541
 4550
 9438
 8488
 4646
 8675
 5769
  989
 3658
 7890
 1025
 4621
  716
 3530
 3801
 6711
 4607
 5271
  457
 2903
 8573
 2503
 2629
 6655
 3516
 7364
 4375
 2000
 2316
 5754
 2791
 8486
 2727
 3522
 1583
 5428
 4344
 9361
 6436
 8555
 2556
 2731
 4279
 5575
 6902
 9539
 8863
  604
 9520
 1558
 7979
 4528
 4586
 7035
 4355
 6398
 1554
 7593
 4997
 1462
 8566
 3078
 5189
 1678
 1879
 2602
  294
 6731
 4403
 3279
  795
 6726
 5402
 8592
 7175
  323
 7411
 8093
  347
 2538
 9283
 2254
 8698
 5183
 9230
 8570
 7108
 6705
 8681
 8000
 7074
 6571
 1609
 8364
 4337
  928
 3955
 6639
 1620
 5775
 5949
 1265
 5464
 1031
 8864
 6084
 1481
 3646
 3896
 8348
 6369
  738
 9887
 3738
 7206
  494
 2770
 7464
 3659
 4635
 9480
 9656
 4185
 6858
  582
 4406
 1675
 3285
 6112
 5009
 4076
 9754
 2086
 4399
 4254
 9322
 8732
 3502
  806
 4593
 7429
 7186
 4510
 4837
 7849
 5831
 3652
  901
 3073
 9445
 5724
 3675
 2486
 5475
 2199
 4130
 1799
 8101
 5015
  974
 8084
  318
   73
 2244
 3778
 8265
 1474
 4879
 3625
 6911
 3588
 8074
 2154
  364
 9977
 9730
 5893
 1427
 9514
 3622
 4934
 2968
 5470
  824
 9984
 7998
 3400
 3200
  248
 4632
 5777
 4428
 9499
 7788
 1981
 3228
 2126
 1817
   60
 7419
 4891
 6682
 8137
 6316
 6809
 6440
 9521
 6708
 7968
  207
 7276
 4832
 9376
 2275
 5719
  647
 4820
 1370
 1655
 9362
  705
 7117
   56
 8502
 6932
 1744
 1690
 3759
 8522
 1819
 5122
 6755
 3470
 1975
 8477
 3996
 2937
 6677
 6987
 1726
 4786
 1893
 9343
 6613
 6343
 3891
 6099
 6217
 8631
 1970
 7016
 1245
 1156
 7137
  620
 7822
  845
 5132
 9402
  354
 9032
 1235
 4902
 9055
 1840
 1033
 2251
  416
 9590
  393
 3537
 1564
 4387
 8152
 5219
  162
 9612
  906
 3110
 5829
 4378
 1545
 6837
  278
 8873
 9527
 8892
 3061
 3293
 5244
 7639
 6290
 8517
 4148
 4972
 9599
 4370
 9018
 4270
 4537
 5983
 7391
 1430
 7029
 3306
 4456
 2838
 8460
 1791
 9751
 8866
 2953
 9092
 7705
 4719
 5366
 6627
 6216
 1911
 1694
 8957
 6230
 5971
 8039
 4561
 6891
 8690
  758
 7696
 5910
 9028
 2309
 3199
 8632
 5124
 4714
 2018
 6505
 5038
 6028
 1669
 3515
 9257
 8525
 9568
 5114
   45
 6187
 1388
 5503
 9121
 9938
 4912
 1312
 2205
 7730
 3639
 7977
 9547
  436
 8253
 7022
 7313
 5865
 4651
 1902
 9075
  427
 9950
 5975
 2736
 6906
  138
 5338
 5126
 8805
 8557
 5241
 6386
 3320
 3678
 5215
 4354
 3775
 2140
 5897
  712
 3006
 7995
 2721
 8026
 4568
    1
 7967
  147
 3264
 7305
 7234
 1303
 4297
 8346
 6745
 6561
 5225
 3446
  969
 9964
 8787
 5094
 5786
 8586
 3525
 6456
 5370
 3501
 7988
 5559
 5612
 5379
 2878
 2976
 8248
 8509
 9393
 6774
 5437
 8189
 5185
 8037
 9933
 3779
 7174
 4691
 7521
 4947
 7297
 1865
 6884
 8104
 1982
  825
 9618
 2939
 8967
 2669
  571
 6435
 1389
 9688
 3350
  132
 3490
 8284
 6210
 5556
 8836
 9518
 8166
 4245
  794
 7825
 4417
 7722
 9097
 1104
  229
 5788
  866
 4841
 8360
 8193
 6135
  493
 3420
 7529
 3101
 6823
 1665
 9255
 4961
 6067
 8636
 6792
 6956
  129
 1526
  799
 5994
 5142
 6509
 5699
 1534
 6352
 7215
 1984
 7999
 5521
 1990
 5072
 1866
 7638
 1830
 3090
 4181
  952
 2450
 2055
 5304
 7628
  792
 6927
 2149
 4226
 9247
 8518
 4533
 7505
 4788
 3604
 5005
 7775
 9208
 8196
 8583
  522
  703
 7218
 1851
 8009
  157
 1299
 1212
 6857
 5706
 5637
 6428
  897
 6304
 3648
 5491
 2089
 8575
 3541
 3288
 5284
  135
 9525
  661
 6287
 4048
 1484
 2051
 2590
 4186
  491
 9053
 5169
 4083
 8821
 8832
 6054
 8879
 6400
 9608
 9432
 5937
  105
 4844
 6396
 2072
 4088
 2526
 5309
 4160
 5922
 3438
 2439
 3259
 7205
 6050
 7371
 8763
 9017
 2561
 5085
 5220
 8791
 5894
 3455
 5089
 4866
 4488
 7966
 1673
 9979
 3375
 7203
  482
  152
 5517
 4053
 5890
 4216
 6494
 4680
  840
   49
 4529
 6506
 1283
 5887
  519
 4462
 4187
 4614
 3807
    2
  865
 9577
  282
 3519
 2694
  222
 5958
 6688
 9571
 7318
 7810
 9240
 8046
 3443
 8660
 1567
 9138
 8455
 5431
 1321
 9251
 2399
 8839
 7746
 4383
 3983
 2874
 3520
 1302
 4594
 4228
 9955
 6743
 1223
 8135
 3934
 4889
 6025
 6543
 6481
  483
 7642
 8662
 8172
 2910
 3486
 4299
   88
 9424
 8262
 2192
 9733
  761
 1858
 1152
 5564
 4519
 1536
 9794
 8108
 4534
 2514
 5469
 9668
 6234
 3017
 3694
 6869
 7670
 6848
 4819
 8469
 9502
 6389
 5557
  237
 8571
 6108
 2934
 9141
 8123
 3146
 1555
 4013
 7808
 8278
 9401
  564
  964
 3730
 7006
 1479
  983
 1010
 4135
 8730
 5222
 2167
 7422
 1086
 7518
 9594
 4633
 6381
 1296
 2893
 3267
 8015
  587
 5420
 5073
 5801
  184
 9010
 4021
 8294
 2049
 9352
 2062
 6199
 4286
 8079
 2588
 5125
   35
 2234
 6172
  877
 7859
 2578
 1515
 6310
 7875
 6855
 1179
 3031
 2206
 7055
 9600
  721
 8434
 5216
 6828
 1219
 3882
 6592
 4480
 9945
 7292
 8971
 3523
 2186
 1244
 7704
 9728
 4686
 3025
 1056
 6788
 4609
  231
 1304
 9146
 7361
 1432
 4914
 1476
 6637
 6363
 9329
 7319
 6479
 3072
 7885
 2570
 3270
 5896
 5587
 3618
  160
 6408
 5936
 2106
 7357
 1411
 7511
 7780
 9291
 1101
 9989
 5853
 5655
 1041
 4081
  694
 8386
 8991
 1216
 4163
 2484
 8092
 8964
 6732
 2430
 6368
 6465
 3278
 4044
 1604
 3353
 5326
 3272
 6090
 7663
 5909
 8807
 1359
 8292
 7578
 8806
 6635
 5131
 3660
 1355
  114
 8119
  149
 1550
  718
 5713
 5016
 5099
 9801
 7176
 6207
 6643
 4802
 3790
 2740
 9576
  369
 7456
 4974
 8768
 3089
 8235
 1849
 2267
 3624
 5449
 4246
 3499
 2810
 6079
 1987
 4033
 5721
 7154
 8953
 5229
   94
  706
  350
 2042
 6759
  371
 5765
 1315
 4862
 3366
  232
 2647
 5336
 5649
 7099
  458
 7812
 1772
 3799
 3441
 6990
 7128
 3947
  767
 4217
 6233
 8988
 1872
 2458
 2767
 3152
 9363
 1160
 4813
 3310
 5055
 9289
 9090
 5582
 8111
 2053
 5939
 4225
 7909
 3190
  329
 3041
 2852
 4459
 7796
 2945
 9180
 9131
 5483
 4061
 6186
 9320
 2170
 7499
 6938
 7731
 8273
 4842
 3564
 7939
 5194
 6483
 4526
 7950
  599
 3607
 7135
 6070
 2589
 1701
   86
 3768
 5960
 6458
 2842
 1183
 8261
 6665
 3208
 1900
 9779
 2009
 3428
 1786
  709
 5398
 2185
 5593
 4431
  832
 5617
 6707
 9241
 2980
  816
 5281
 5919
 4394
 6780
 1254
 5108
 1035
 5059
 8645
 3794
 8244
 2975
 3767
 4243
 3409
 4744
 9762
 4358
 2262
 9657
 8433
 1093
 1013
 4749
 3364
 8942
 7226
 5591
 5639
   48
 3393
 3669
 3161
 4012
 2467
  468
 4425
 5258
 6577
 3991
 7158
 9069
 5536
 9807
 8483
 6992
 3360
 4052
  346
 8090
 5496
 3571
 5223
 2783
  316
 1821
 8990
 7700
 3435
 2531
 7384
 3609
 5844
 6149
 8734
 9884
 7092
 3687
 4210
 3044
  280
 5173
 3480
 3535
 4419
 4904
 4102
 7316
 3024
 9420
 3379
 7268
 5592
 3174
 5908
 9472
 4979
  978
 2437
 5924
 8963
 8387
 7024
 3154
 9500
 7737
 8932
 5836
 7342
 3028
 1541
 2005
  539
  516
 4976
 5328
  547
 9374
 1045
 9623
 6515
 1808
 8343
 5708
 6531
 9156
 3732
 7803
 2724
  100
 3183
 7257
 1568
 5604
 7155
 6576
 4915
 6563
 6256
 3953
   66
 8531
 6236
 1307
 5868
 4683
  295
 9774
 1396
 9922
 6777
 2360
 3173
 5046
 1774
 3415
 1053
 3605
 4709
 2600
 9880
 2773
 1098
 2028
  212
 3247
 6979
 4619
 3672
 8440
 9405
 2635
 8271
 2598
 6476
 8322
 3119
 3957
 1592
 6321
 3999
 7957
   51
 6192
 7930
 5333
 9104
  686
 2489
 8926
 7807
  802
 8417
 8242
 8445
  856
 1144
 1094
 5423
 3926
 5382
 3495
 7752
 4041
  855
 5941
 3747
 1638
 9914
 8168
 7869
 3643
 3757
 8816
 6795
 9479
 6689
 8327
 9388
 2263
 7455
 4647
 8170
 8883
 3343
 6747
 5405
 3305
 2274
 1297
 5377
 3452
   80
 1499
 4742
 9859
 7472
 5998
  415
 6919
 6414
 1886
 2426
 8143
 6117
 5384
 1121
 2196
 2510
  862
   32
 8042
 5389
 9407
  660
 3487
 9815
 6301
 5388
 6484
 3534
 6539
 1015
 6330
 5237
 4708
 4258
 4940
 9465
 9043
 3478
 4553
 1038
 8345
  117
 9367
 3842
 3559
 6710
 2518
 5781
 4237
 7014
 8134
 2063
 7809
 2614
 6013
 3351
 2904
 3986
 9888
 1728
  797
 9411
 3717
 6238
 7738
 7637
 4042
 6865
 3665
 7569
 2825
 6367
 6917
 8742
 5648
 3827
 1335
 5162
 6223
 2565
 3100
 3033
  765
 7608
 2661
 7051
 5240
 8615
 8186
 7834
 1150
 6446
 6094
  406
 3978
 2814
 8335
 7891
 6912
 9833
 5205
 1757
 3707
 4692
 3465
 1295
 9785
 4740
 5843
  528
 7201
 6424
  115
 9326
 7111
 6625
 9341
 4745
 5508
 4671
 9870
 1827
 7403
 5996
 8016
 3723
 6593
 1198
 4079
  752
  781
 9967
 5984
 2895
 9531
 7990
 2208
 9033
 3965
 1230
 2792
  236
 4089
 9365
  540
 2291
 9589
 4401
 9349
 9250
  735
 7962
 3148
 9997
 3440
 2653
 3684
 1483
 1677
 5610
 2732
 5346
 5098
 3043
 9652
 4789
 9188
 9159
 6071
 3191
 9820
  250
 2211
 8350
 7862
  455
 5342
 4577
  488
 3321
 9561
 7887
 9691
 6124
 4859
 3987
  557
  219
 7405
 7281
 9986
  533
 8457
 6392
 1514
 5104
 2656
 6588
 1980
 8713
  225
 7388
 8594
  826
 5615
 8799
 3742
 8900
 1899
 3423
 8351
 5093
 6263
 7495
 8946
 6845
 1172
 8068
 1471
 5585
 5902
 3022
 3383
 1639
  733
 6789
 2596
 1715
 6867
 9410
 8237
 1750
 5614
  390
 8446
 5340
 5311
 9153
 8002
  501
 5473
 1794
 3372
 2453
  598
   23
 2826
 5837
 8115
 1120
 2593
 7079
 4729
 6237
 3736
 1423
 8924
 6201
 4386
 2920
 5253
 2298
 8461
 3724
  951
 4389
   81
 7427
  319
 7517
   12
 7280
 1622
 5948
 5686
 5004
 4059
  753
 7444
 3555
 9606
 8801
 3432
 4591
 5684
  646
 1155
 2545
 9015
  376
 8094
 9749
 4117
 1968
 1398
 3040
  955
 1440
 8175
 8100
 9557
 6225
 4259
 3194
 2011
 8010
 8012
 1488
 2524
 9272
 9071
 1663
 2580
 4618
 5573
  621
 7769
  736
 2638
 8657
 3746
 2530
  732
 2347
 9923
 3419
 2516
 5644
 1232
 1399
 2329
 9832
 9885
 9712
 1999
 7732
 6695
 6590
 8363
 2616
 5196
 2833
 7047
 2335
  430
 3236
 8034
 2723
 1969
 2240
  432
 9246
 8786
 9014
 3291
 9357
 2273
 8915
 3314
 5117
 1695
 3867
 5411
 7674
  920
 2933
 4204
 5209
 3004
 3198
 4801
 6391
 8228
  478
 1363
 6904
 1671
 1431
 9891
 4643
 9003
 1367
 4685
 7611
 3627
 5321
 3508
 8956
 4983
   19
 8302
  208
 2558
 8214
 6969
 2806
 8385
 5448
 8572
 4173
 8535
  886
  530
 3860
 9304
 9641
10000
  996
 9777
 9780
 7820
  895
 2790
 3898
 3843
 8710
  489
 7500
 2094
 3697
 7559
 6736
 6366
 5210
 1565
 4870
 3922
 6547
 5061
 1135
 6669
 2420
 6754
 8607
 2642
 2848
 5852
 7241
 8233
 1112
  957
 6965
 7433
 6890
 8503
 9464
 8672
 4090
 1537
 9727
 3484
 3238
 7168
 7728
 7913
   64
 7911
 1124
 5916
 9689
 8110
 3225
 1498
 8230
 6037
 5269
 5562
 4945
 8336
 3825
 9517
 3209
 8077
 5601
 5832
  161
 8155
 6893
 9821
 6347
 3789
 6562
 4331
 4170
 1224
 9510
 5477
 9750
 6349
 7794
 6405
 9731
 1207
 5513
 8664
 9114
 5137
 3822
 7792
 9827
 7571
 6500
 5454
 9759
 8114
 7194
 5043
 2008
 2241
 6269
 1022
 7723
 7471
 1092
  307
 1914
  211
 4139
  936
 8406
  635
 3051
 5313
 3204
  842
 8164
 8240
 1165
 1698
 6524
 7677
  713
 8289
 1848
 7068
 2523
 7951
 5295
 1688
 6174
 3540
 5322
 3590
 2490
 6681
 6032
  699
 9415
 7987
 2095
 1137
 8789
 2813
 7465
 9027
  581
 5458
 7756
 1738
 1027
 4948
 5106
 2568
 6779
 7778
 2567
 3008
 9797
  197
 9235
 7587
 5923
 6107
 1657
 5841
 5083
  813
 3282
 6455
 8464
  585
 7347
 2155
 7646
  976
 3596
 3442
 8545
 9853
 5334
 2891
 6409
 9298
 5929
  379
 6560
 8462
 7062
  461
 5000
 5580
 4626
 1332
 5830
 4910
 2785
 6156
 5911
 8025
 6880
 1625
 6416
  954
 3808
 9470
 3012
 9834
 1175
   95
 5834
 5102
 6683
  473
 3992
 4589
 6703
 9811
 1242
 6143
 5962
 4158
 6254
 9944
 5793
 6989
 7340
 2554
 9722
   26
 8903
 5076
 8109
 9242
 1880
 5599
 9098
 7187
 9126
 8374
 6325
 3546
 8365
 3172
 3994
 2033
 8130
 3954
 3215
 2017
 3602
  150
 5149
 8552
 6941
 2203
 3777
 9047
 2021
 9482
 5461
 4530
  905
 8749
    5
 3524
 4920
 8413
 9383
 4285
 8694
 4650
 6332
   24
 8637
 2800
 2555
 1418
 1897
 6951
 6072
 5324
 6660
 5065
 3410
 2695
  911
 2829
  169
 3496
 2571
 7274
 6630
 9528
 8169
 5368
 1134
 6742
  710
 5920
 5635
 7360
  776
 3289
  317
 7202
 3696
 3553
 6357
 5232
 3852
 9795
 8529
 4943
 3990
 2573
 6045
  311
 2393
 2755
 3771
 1496
 4301
 4867
  486
 9059
 4381
 8004
 4631
 6674
 6881
 1539
 5277
 1226
 4113
 4755
 8981
 7219
 4039
 7023
 1362
 5480
 3365
 1189
 6447
 2413
 6123
 2213
 5207
 7906
 8078
 5782
 1687
 8504
 9091
 8033
 3386
 2751
 7751
 2673
   57
 9471
 6040
 9766
 9660
 2236
 2965
  300
 6285
 1424
 7616
 7599
 5544
 6038
 1372
 6650
 7421
 2308
 9030
 4785
 6083
 5616
 3151
  986
 9446
 3876
 6657
 6918
 9855
  613
 3776
  158
  299
 7592
 1122
 3195
 5167
 1043
 5208
  763
 3836
 8751
 6898
 2341
 2973
 3277
 3910
 7901
 1947
 5349
 5785
 3685
 2505
  692
 7338
 4230
 2923
 3785
 3533
 8521
 4989
  209
 3859
 6812
 3688
  927
 4085
 8651
 4642
 4751
 5546
 5879
 8136
 6950
 7588
 2256
   54
 2631
 9803
 8612
 1147
 8493
 5267
 4664
 7923
 2815
  374
 2803
 5954
 2015
 2438
 6258
 9111
 1485
 4878
 5746
 2859
 1259
 7918
 5446
 3770
 4284
 7353
 8776
 1237
   47
 2679
 3074
 9906
 6900
 5285
 3005
 2917
 9164
 6328
 1119
 5867
 3613
 8065
 6355
 3130
 3816
 9545
 8943
 2300
 8920
 3157
 3449
 7181
  868
 8270
 5531
 7144
 8661
 7294
 7835
 4442
 6445
 2057
 7991
 3009
  217
 1758
 2229
 7166
  579
 4918
 9875
   44
 9353
 3875
 8047
 3091
 8247
  388
 8307
 1913
 8697
  223
 1831
 7874
 1386
  344
 7244
 3463
 3412
 2440
 5432
 9378
 7772
 3597
 5026
 4707
 2811
 4429
 7719
 1535
 2888
 9924
 4004
 9223
 4329
 9042
 6171
 3182
 6988
 1714
 2483
 2353
 5327
 4958
 6281
 4231
 6648
 5017
 9747
 5727
 7277
 4804
 6096
 2652
 6023
 7793
 3444
 7768
 4405
 7724
 1661
 1248
 7539
 4029
  545
 5375
 5636
 6684
 1934
 7703
  167
 6544
 2707
 1836
 2883
 6130
 8812
 4055
 7312
 2599
 7671
 9384
 4302
 8279
 6161
 8601
 2030
 9360
 8691
 5751
 6574
 2994
 4092
 4271
  466
 4486
 8757
 6327
  527
 6080
 7570
 1835
 1912
 3810
 2278
 7113
 9178
 6370
 7574
 4454
 2775
 6796
 9259
 8898
 3255
 9647
 2375
 3894
 4736
 2121
 2991
 9301
 3108
 9638
 2870
 5739
 9739
 6452
 8528
 4097
 9263
 3059
 7177
 2469
 5952
 1275
 4648
 4512
 6487
 2237
 2543
 9316
 9711
 9664
 1863
 6320
 9678
 9261
 7712
  689
  771
 6644
 5553
   74
 7311
  898
 7636
 5677
 4030
 9899
   97
  332
 7678
 1704
 4815
 1203
 3391
 4276
 9717
 5011
 5255
 7672
 4617
  257
 9182
 3268
 9417
 5178
 2562
 2246
 1761
  500
 7222
 6746
 2245
 1217
 8150
 1040
 6982
 1113
 8367
 5045
 1072
 9588
 5192
 5792
 6775
 3027
 6179
 1256
 3167
 3725
 9308
 2380
 3884
   67
 8906
  511
 1037
 5700
 6821
 4704
  145
 1365
 9288
 6835
 1005
 3388
 9202
 8435
  871
 6450
 8639
 6696
 6977
 9663
 7420
 3863
 2608
 1373
 6802
 9649
 2499
 3755
 5993
 8205
 1574
 6078
  450
 8414
 5779
 8829
 7223
  967
 7104
 6915
  994
 6007
 3344
 6740
 8076
 5314
 9274
 5118
 9721
 4757
  717
 5066
 6092
 2905
 2832
 8781
 1166
 9271
 4290
 4777
 8886
 4074
 6482
 6521
 6152
 8854
 3462
 3964
 5666
 7480
 9372
 7163
 3123
 3890
 2986
 4014
 5730
 7059
 5128
 8760
 1111
 7335
 2287
 6829
 6477
 7346
 8368
 5348
 4150
 2898
 2928
 4563
 1354
 5731
 1346
 3594
 1270
 3972
 3295
 8023
 4123
 5273
 8930
 8851
  552
 4916
 9199
 1319
 1814
 5412
 9905
  558
 6803
 7061
 1533
 2853
 9031
 4993
 7528
  531
 9237
 8211
 9296
 7509
 9330
 7615
 1208
 5033
  760
 9354
 4251
 6288
 5885
 7088
  745
 4413
 8246
 7453
 3085
 2101
 3013
  997
 6966
 1820
  402
 4627
 6019
 1437
 8623
 8383
 5828
 6426
 1616
 3754
 1068
 6670
 4010
 3201
 8326
 2612
 6862
 3871
 3761
 2252
 9942
 8577
 2117
 5863
  725
 7482
 1672
 5736
 4544
 8337
 1967
  750
 9454
 4710
 4560
 7449
 8561
 6723
 3203
 9737
 3126
 4208
 3858
 4724
 4624
 6284
 1014
 9306
 4422
 3434
 7376
 1032
 8465
 5641
 8667
 2451
 3333
 6388
 7300
 9792
 4432
 4360
 4400
 6126
 7285
 7478
  352
 7777
  701
 9333
 8191
 6486
 4675
 3783
 4521
 9669
 5847
 6981
 6042
  885
 4679
 2425
 2639
 9639
 7189
 5629
 4487
 7103
 9132
 3817
 1868
 4897
 4376
 6973
 3949
 5506
 8718
 3563
 1311
 6434
 9826
  809
   79
  811
 1211
 7633
 5840
 6752
 7242
 7237
 4489
 3038
  566
  779
 4223
 3335
 4502
 9932
 5113
 3695
 9414
 5803
 6137
 2379
 1318
 2548
 9101
 7594
 9122
 7485
 5163
  645
 9956
   46
  525
 9674
 3308
 6866
 8056
 7605
 5728
 2576
 5236
 6620
 4161
 7921
  680
 2515
 8576
 2301
 9543
  140
 8965
 4581
  697
  561
 6671
 3179
 6662
 2794
 9886
 4921
 8888
 9212
 9375
 7182
 4438
 8356
  298
 4688
 3437
 1475
 7310
 7897
 3701
 4351
 9118
 5330
 2941
 4469
 9829
 8613
 8087
 8551
 8984
  366
 6877
  397
 2320
 1316
 4382
 9988
 2961
 7904
   11
  851
 8221
 7653
 2441
 6151
 4280
 6257
 1549
 3481
 2922
 8018
 5081
 2936
 7134
 7695
  367
 4471
 9065
 4296
  214
 3733
 2359
 4441
 4700
 9087
  892
 9771
 5810
 6335
 5967
 8606
 4379
 3743
 4524
 7721
 4257
 9931
 5393
 1996
 1106
 1804
 1114
 7854
 6934
 3422
 9507
  935
 6598
 6504
 5021
 7385
 9940
 8778
 9951
 9675
 6936
 8088
 6077
 1992
 4843
 5515
 4863
 3664
 5204
 4197
 9377
 1129
 2333
 1049
 2396
 2823
 6601
 2948
  520
 7579
  550
 2032
 4702
 4695
 1328
 5673
 7178
 3416
 6879
 5202
 5007
 5690
 8741
 6844
 2328
 3113
 3176
 1782
  244
 2983
 6903
 8688
 7098
 4144
 4865
 8075
 8070
 6451
 1903
 5694
 4968
 8359
 4628
 6652
 4070
 9920
 7758
 9840
 7290
 7078
 5008
 9695
 4077
 2908
 4171
  426
 3572
 5133
 9535
 8309
 1343
 6971
 7665
 1500
  451
 2622
 7729
 6908
 9124
 3735
 6103
 9133
 9607
  939
 5386
 2974
 5381
 5353
 8184
 2795
 1368
 2738
 9787
 8167
 7813
 9655
  177
 7669
 2863
 9348
 9856
 8739
 7393
 4240
   18
 8709
 7753
 1186
 9511
 9646
 4774
 8680
 2730
  255
 6713
 8035
 1066
 6807
 1749
 8563
 7283
 6252
 3979
 1402
 1505
 2127
 5184
 5105
  990
 2038
 5419
 1435
 1287
 7102
 7932
 9096
 8149
 7839
 4723
 7973
 6768
 8402
 3433
 6854
 1044
 1379
 7774
 6649
 1603
 2416
 4141
 5608
 7894
  572
 1167
 9294
 4066
 2754
 7370
 8362
  263
 3912
 2432
 8748
 3716
 6206
 1205
  890
 6178
 1520
 8819
 3067
 4630
 9127
 5264
 6685
 2394
 2340
 3286
 6490
 7132
  302
 3888
 4735
 8501
 2281
 1908
 2693
  849
 2699
 2311
 8352
 1889
 9778
 6410
 5966
 7658
 1832
 5619
 8968
 2640
 7053
 1993
 2395
 2666
 9173
    6
 4605
 6098
 9939
 9753
  551
 1871
 6491
 1271
 3739
 7958
 2818
 5931
 1447
 6767
 7981
  187
 6870
 9814
 7632
 6939
 7497
 9927
 7872
 5161
 7265
 7691
  667
 9192
 7452
 5951
 5871
 9228
 2714
 4554
 2468
 8877
 4152
 9066
  443
 6602
 8564
 2176
 9895
 4911
  275
  681
 9187
 9290
  310
 6253
 8252
 7369
 7627
  413
 4393
 1775
 8395
 9266
 6948
 4205
 8473
 5150
 4416
 8187
 7412
 9662
 7661
 1241
 6960
 6430
 7252
 4625
  165
  676
 8392
 9522
 3155
 3084
  173
 8604
 7583
 6393
  273
 9103
 3869
  603
 1146
 2880
 6853
 3222
 9770
 3865
 9732
 4546
 6128
 8959
 6115
 2655
 3492
 8057
 7838
 9707
 7407
 5053
 5262
 2225
 1530
 1693
 2099
 9444
 3982
  843
 9549
 6806
 3967
 1732
 7927
 2691
 1516
 5188
 1932
  823
 2424
 1581
 2972
 8538
 3550
 2342
 5884
 8655
 8550
 7195
 8941
 1252
 7536
  431
 2557
 6784
 3704
 6955
  396
 3159
 8122
 7484
   58
 4189
 2068
 7095
 8678
 8885
 6383
  609
 8280
 8095
   61
 4946
 3122
 6983
  326
 8595
 7086
 1051
 7474
 9278
 4281
 2594
 8665
 7106
 1763
 2747
 7800
  472
 6834
 8157
 8842
 2768
 1087
 1017
 2258
 2282
 4936
 8139
 1102
 5574
 2156
 5438
 9748
 8426
 7686
  839
 3956
 1497
 3118
 2157
 2310
 5741
 6413
 8485
 4721
 1614
 9604
 7969
 3250
 5344
 9729
 3589
 5551
  502
 7085
 4988
 4713
 7564
 3002
 9368
 9602
 6277
 1607
 6170
 6296
 6599
 4634
  441
  685
  297
 7269
 4782
 6636
 6395
 1290
 9694
 6942
 5882
 4063
 5294
 1626
 4188
 9183
 7526
 5119
 3661
 9068
 9653
 1026
 6750
 5292
 9699
 6700
  253
 4119
 5839
  747
 4728
 2139
 5658
 5776
 7821
 6804
 8724
 7688
 5040
 6027
 3241
 1353
 5589
 7944
 8729
 6340
 3316
  633
 2111
 2688
 9478
 6704
 3001
 9292
 6529
 8254
  541
 8516
 6591
 2932
 2654
 9418
 4953
 3431
 3835
 2283
 4760
  146
 3318
 3698
 3921
 5558
 1118
  973
 6553
 8478
 8904
 6059
 2153
 4332
 2997
 2330
 8825
 6097
 8600
   16
 7685
 9745
 2677
  368
 7741
 2830
 7858
 7725
 9323
 9904
 9099
  854
 6511
 9719
 3623
 6119
 4017
  695
  178
 3010
 3862
 8549
 4805
  640
 2386
 4545
 4809
 9925
 8372
 4005
 7050
 3300
 6189
 7404
 2210
 5245
 8826
 9836
  277
 8696
 3548
  629
 8686
 7448
 6722
 2915
 1841
 5129
 1482
 3140
   17
 7358
 6716
 3628
 8396
 6928
  982
 6319
 6279
 6267
 8590
 1753
 9105
 4506
  331
 6540
  496
 6943
 1767
 8584
 1787
 5450
 2194
 5397
 6488
 9661
 7763
 5665
 3663
 7541
 5578
 5365
 5970
 4541
 6580
 8314
 4656
 7105
 6824
 8444
 5109
 3356
 6390
 8568
 5463
 3885
 1279
 2387
 7002
  674
 9057
 6734
  495
 5876
  342
 1854
 9698
 3570
 3145
 4196
 6365
 6925
 8179
 7735
 5507
 3197
 8871
 8389
 2056
 9168
 2886
 8935
  515
 4103
 3042
 3096
 3655
 4922
 7416
  933
 2238
 2866
 1553
 8591
 7871
 7165
 7437
 7410
 6138
 6291
 8376
 7501
 5266
 3841
 5395
 4249
 1888
 5054
 6640
 2066
 7612
 4155
 3454
 3494
 4743
 1401
 7649
 7912
 8058
  684
 2579
 7609
 8578
 2268
  764
 2406
 8982
 5650
  769
 4520
 6693
 8040
 8204
  567
 5821
 6030
 3818
 9570
 3831
 4046
 9659
 4810
 2873
   41
  335
 2058
 1250
 1184
 2248
 4816
   10
 8066
 6353
  562
  327
 1071
 6673
  891
 4699
  279
 5111
 7425
 2862
 8756
 7680
 1441
 2158
 6728
  116
  238
 1756
 7368
 4283
 4154
 4569
 1588
 3850
 7457
 5156
 8429
 1883
 6385
 5489
 5180
 9369
 3249
 6454
 6364
 7634
 4147
  755
 7954
  972
 5701
 1931
 8072
 6935
 2296
 5409
 7143
 2331
 9277
 1456
 6994
  774
  650
 4019
 9619
 5716
 7565
  619
 2741
 3497
 8020
 6227
 9621
 9110
 9181
 7247
  268
 8019
 6469
 8418
 7447
 8470
 1153
 6874
 1003
 9358
 4840
 1034
 2521
 2297
 1692
 5067
 8976
 9952
 2029
  696
 6605
 9866
  400
 9591
 9427
 6082
 1060
 5959
 9106
 8118
 3959
 2447
 6699
 2317
 7354
 9112
 5842
 2512
 7119
  356
 7558
 6212
 9392
  648
 8735
 4674
 9193
 3257
 6937
 3551
 3578
 9177
 1465
 4034
 5802
 9583
 4919
 8813
 7841
 3104
 5279
 2280
 6631
 6769
 3631
 2789
 6125
 9564
 7212
 7568
  691
 9693
 8910
 4023
 2686
 1478
 3874
 9715
 2052
 8209
 6610
 6264
 1215
 5499
 7512
  221
  859
 5138
  345
 8381
 5767
  677
 3924
 2404
 5742
 2027
 4758
 9336
 8908
 8303
 1337
 1960
 5443
  592
 1132
 5678
 1724
 4156
 1802
   84
 7782
  690
 1653
 7744
  586
 7000
   85
 7620
 5023
 2808
 2684
 2442
 6820
 5609
 2024
  504
 8038
 3654
 7171
 4712
 2476
 8059
 6073
 1755
 7250
 3702
 8178
 9491
  261
  349
 9426
 5761
 2844
   77
 9563
 4772
 8005
 2542
 7773
 6923
 2091
 9893
 9366
 2757
 2022
 1828
 6221
 7982
 7196
 1823
 9684
 4439
 4464
 8182
 7279
 7328
 7785
  151
 4883
 8375
 7013
 8282
 5025
 8952
 9529
 6262
 5288
 5927
 7925
 6155
   33
 1833
 6916
 2043
 3337
 9822
 1018
 5547
 6089
 2719
 6003
 8840
 9451
 8052
 4511
 8644
 4472
  183
 7844
 2242
 2133
 1668
 1723
 2713
 5319
 2136
 5548
  819
 8017
 5540
 3958
 4241
  559
 8814
 4756
 3447
 1560
 5112
 4829
 1169
 4517
 1450
 4932
 3086
 4973
 8305
 7191
 4000
 1348
 2019
 8073
 7130
 7826
 4320
 9041
 4638
 6882
 8099
 9615
 3244
 6526
 9756
 1171
 6241
 2457
 7039
 8241
 3315
 7228
    7
  734
 3720
 5159
 4833
 5174
 6761
 6764
 3630
 3851
  631
 1077
 3762
 1154
   89
 6931
 7905
 2603
 9705
 1486
 6672
 7974
 2162
  424
 3931
 9999
 6847
 7739
 9356
 8663
 7254
 3401
 9281
 1785
  931
 7848
 5347
 1028
 1100
 2332
 8438
 5435
 7398
 6954
 3456
 7516
  462
 9610
 2706
 8519
 9394
 2318
 5151
 2894
 7681
 8480
  937
 8966
 4227
 3893
 6548
 9434
 9917
 4637
 8173
 7396
 1870
 6282
  543
  857
 2427
 1561
 5364
 5555
 3782
 7621
 1636
 4026
 4666
 5224
  204
 6051
 9716
 6676
 1857
 5901
 6060
 3170
 7502
 2947
 2025
 4994
  962
 6168
 8223
 7483
 2315
 4190
  272
 4845
 8647
 3998
  512
 4525
 4602
  359
 2105
 8043
 4433
 2687
 3769
 1095
 1741
 4875
 5051
 4963
 7336
 3403
 2473
 1948
 3980
  513
 9903
 8701
 1173
 9676
 3854
 4426
 9592
 6101
 6566
 2670
 7331
 8180
 7888
 2541
 6730
 3011
 4496
 5317
 8458
 1110
 2255
 5494
 2421
 8867
 8794
 3129
 1587
 4931
 5698
 3374
 6794
 5892
 8231
  191
 9544
 4091
  642
 1268
 4871
 4684
 3474
 6286
 3569
  469
 4050
 4731
 7880
 6021
 8629
 9982
 9574
 6062
 5679
 6229
  942
 4595
 3792
 9409
 8380
 7754
 3993
 5002
 7697
   13
 1895
 3615
 3299
  339
 9196
 1810
 1320
 5856
 6895
 5538
 9788
  425
 5527
 1842
 4057
 2674
 6909
 7048
 2493
 8283
 9049
 5136
 7304
 6697
 3121
 3650
 7584
 5799
 7557
 6333
 6782
 1884
 3988
 4145
  119
 7766
 2385
 4549
 3819
 6184
 4616
 5664
 9980
 5263
 8823
  409
 9342
 1331
 7760
 3226
 9128
  549
  201
 2781
 7477
 6131
 1249
 9436
 9526
 8715
 3319
 1721
  485
 1409
 2249
 8272
  360
 4126
 7441
 6549
 7877
 4324
 1206
 1944
 3150
 7524
 3513
 1356
 4576
 3745
 4991
 2228
 7381
 3134
 3047
  288
 9072
 6564
 5814
 6034
 6339
 5062
 2613
 6485
 4676
 7004
 5199
  909
 5539
 1276
 7221
 6095
 1350
 8316
 7630
 9198
 3354
  322
  784
 8415
 4333
 7450
 3968
  445
 4327
 9636
 5584
 9448
  202
 4776
 6499
 1239
 4565
 8597
 2581
 8239
  995
 1612
 3114
 8838
 7586
 8443
 4268
 5766
 9175
 1762
 4206
 1929
 8511
 5455
  239
 2284
 7635
 1994
 7341
 5378
 7714
 1696
 8202
 4835
 5657
 6248
 3050
 5973
 3616
 1643
 8431
 7690
 7884
 8853
 1369
 7522
 5964
 6163
 2405
 1243
 9345
 3120
 9267
 9151
 3558
 9738
  341
 7675
 7667
 2048
 2172
 9129
   43
 8721
 1722
 9469
 2819
 6555
 7787
 2047
 1962
 4501
 3093
 4696
 9546
 8798
 1803
  560
 1085
 2772
 5857
  428
 4114
 3915
  375
 5127
 8131
 6014
 1941
 4369
 4323
 6467
 1896
 4604
 1305
 4392
 7926
 2575
 1280
 9769
 9142
 8725
 1582
 1090
 9755
  663
  846
 9077
 3832
 1163
 4884
 9335
 5414
 4497
 7789
 2231
 7554
 3052
  916
  553
 1697
 4654
  879
 5352
 1796
 3371
 7239
 4860
 1815
 1664
 5638
 2577
 9863
 7322
 9824
 1532
 5022
 6714
 9310
  595
 4768
 1956
 6373
 7315
 3748
 1590
 2103
 2667
 4694
 7976
 4115
 7802
 9130
 7010
 2951
 4962
 5652
 1080
 9034
 4663
 8054
 5977
 9812
 2805
 8399
 2648
 1716
 8238
  343
 2455
 4235
  602
 1679
 5520
 8226
 2658
 4613
 6318
 4193
 2224
 8045
 5193
 3861
 2361
 5471
 2935
 6066
 4340
 9509
 6299
 1635
 7042
 7413
 5763
 4858
 9542
 3680
 7736
 3346
 7562
  556
 2984
 9370
 5647
 2759
 1073
 3917
 1300
 2494
 9966
 1734
 4660
 4357
 8102
 3137
 8512
 3034
 7030
 1330
 7589
 4420
 9186
 4233
 6863
 5218
 1589
 3866
 1652
 9637
 1201
 2552
 2906
 4269
 9597
 2092
 1882
   91
 9513
 6313
  749
 3214
 1637
 9038
 1376
 4219
 6401
 4504
 9225
 9860
 1360
 6559
 4888
 9140
 7183
 7952
 7227
 2230
 6371
 8499
 3601
 3060
 6031
 6276
 7654
 7271
 8183
 5735
 7025
 4908
 3144
 1292
 8250
 5283
 6165
 2867
 2957
 7033
 2890
 7679
 7898
 6231
 9254
 6839
 7908
 9758
  194
  791
 9559
 1439
 6831
 3529
 8400
 2165
 3301
 8432
  112
 7878
 5359
 4995
 8679
  404
 3317
 4564
 2409
 9054
 2716
  787
  243
 8061
 8723
 4466
 6883
 6493
 6046
 2504
 8133
 6585
 1559
 5355
 4636
  110
 2787
 9804
 2958
  179
 4071
 4248
 3837
 7784
 4058
 1269
 7301
 8912
 8785
 8947
 7435
  377
 7308
 9864
 3961
 6654
 6317
 6306
 5729
 3809
 4552
 6962
  870
  715
 3287
 6009
 4698
 7107
 4359
  844
  980
 2798
 8112
 3469
 8384
 5315
 8914
 2080
 1887
 4965
 8313
 3532
 4069
 8780
 6461
 4128
 9045
 9658
 2102
 8293
 8602
 8716
 3580
 6634
 5633
 6871
 1390
 5310
 8835
 2892
 9449
 7426
 1773
 5858
 3521
 9085
  171
 3341
 7931
 4718
 1308
 7468
 8349
 8425
 5942
 1745
 5702
 5676
 3069
 6404
 5032
 5560
 1725
 1978
 9406
 6153
 3821
 8208
 5037
  730
  192
  241
 1133
 5953
 4201
 1995
 2295
 6421
 4956
 6626
 1446
 7394
 1910
 2916
 6437
 9080
 4901
 9985
 1191
 5990
 4518
 6129
 2146
 1151
  668
 2971
 8203
 7321
 6251
 8236
 1433
 5838
 5634
 2217
 1680
  394
 5351
  438
  617
 5095
 1065
 7843
 6525
 5110
 9532
 6586
 2536
 8975
 8648
 7764
  242
 3772
  401
 9231
 4361
 9039
 1811
 7910
 7745
 4818
 5835
 5583
 2742
 2981
  902
 6232
 3382
 9551
 1273
 9611
 9318
 4857
 8868
 1461
 7537
 8638
 5116
 5905
 5030
 6109
 9582
 2664
 8369
  669
 9483
 9210
 7072
 3586
 2532
  850
 6307
 5989
 6921
 5577
 1793
 5152
 1740
 2372
 3805
 7941
 4985
 7527
 5383
 5662
  793
 9007
 9959
  643
 9116
 2107
 9704
 3753
 4397
  411
   14
 6356
 3477
 2528
 5331
 1238
 2433
 9275
 6514
 2378
  514
 9601
 5495
  569
  998
 7466
 2708
 2931
 7762
 3280
 3635
 8916
 4906
 6623
 5586
 8580
 5816
 1434
 2346
 8677
 8029
 3936
 3932
 4885
 4720
 7406
 8949
 3640
 2189
 6600
 9136
  908
  841
  919
 4195
 7692
 4542
 2148
 7556
 6608
 7892
 2007
 9437
 1556
  863
 4255
 1939
 8526
 3903
 5171
 9056
 4823
 9913
 3908
  800
 4172
 9696
 7683
 7208
 4681
 8865
 2954
  133
 5737
 1161
 2222
 9419
 6922
 6193
 2349
 5643
 1629
 2454
  641
 9687
  456
 4924
 2849
 6621
 4662
 2403
 3475
 2698
 1593
 3323
  608
 4753
 4566
 6888
 8579
 1195
 1691
  704
 5492
 2535
 4896
 8354
 4306
   72
 9573
 2610
  852
 3185
 2637
 5048
  490
 1602
 4110
 8412
 2774
 6100
 3715
 4752
 4385
 5848
 6167
 6198
 5968
 9810
 7209
 9555
 7287
 9051
 8304
 7740
 1351
 6246
 1070
 8452
 6065
 1859
 4446
 7083
 8285
 6661
 3820
 7214
 2778
 7656
 7436
 8804
 2382
  439
 2938
 3542
 2463
 3467
 5226
 2325
 3962
 1892
 2885
 9346
 5498
 6204
 3421
 1272
 6462
 6972
 7765
 2701
 3007
 9468
 8357
 2179
 8668
 5068
  487
 9435
 2501
 4838
 7798
 2491
 8793
 2233
 8409
  999
   87
 4701
 8958
 2897
 5197
 7989
 8682
  588
 2801
 5691
 9262
 5230
 3080
 5372
 8159
 8969
 9627
 6843
 4851
 7197
  723
 1403
 7613
 9395
 3359
 6303
 4353
 7771
 8878
 5921
 6771
 4121
 7431
 6000
 2044
 5824
 1667
 5849
 3385
 8972
 1392
  596
 6074
 4191
 3681
 9690
 7513
  739
  293
 9089
  130
 1371
 8556
 5688
 9978
 5683
 3384
 9725
 8371
 4075
 2665
 9334
  538
 5252
 6346
 8048
 8676
 5510
 4319
 7641
 3260
 6873
 9307
 1599
 8934
 2675
 9998
   42
 4220
 2632
 2459
 4822
 2769
 6250
 6578
 9315
 8542
 5501
 2232
 5275
  803
 6055
 2717
 5335
 2448
 1220
 8382
 6827
 4579
 9947
 5747
 3188
 1566
 3269
 7928
  654
 9062
 7590
 4203
 7216
 5534
 9567
 7535
 5181
 1949
 7248
 2744
 7533
 9475
 1790
 7326
  853
 1795
 3439
 7409
 6292
 9404
 2259
 7935
 7253
 1084
  627
 3115
 7659
 9387
 4980
 2621
 8635
 1957
 1562
 9685
 8773
 9838
 3077
 7510
 4366
 4045
  189
 3125
 9650
 2914
   36
 5087
 4864
  180
 4374
 1813
 9869
 1847
 2100
  131
 5565
 4272
 8558
  867
 7617
 6985
 4402
 5474
 7883
 8997
  946
  228
 8708
 8774
 9486
 6348
 7582
 7937
 8893
  987
 2982
 8569
 9718
 7855
 4657
 6158
 9805
 3065
 7263
 7846
 8684
 9784
 7286
 5542
 9625
 2978
 5875
 1021
 4531
 3103
 4942
 5058
 3142
  537
 9279
 7975
  398
  328
 5945
 6864
 3135
 3683
 8291
 2720
  683
 5881
  534
 7640
 4008
 8301
 4952
 3491
 5422
 9269
 4080
 6464
 4540
 3511
 2802
 5870
 9581
 2509
 8779
 3471
 4584
  153
 8846
 8338
 6375
 5646
 2187
 7801
 3327
 3585
 6832
 2247
 3253
 8069
 8707
 1777
 2338
 4960
 4184
 4087
 7767
 5833
 4304
 3404
 8453
 8803
 3506
 3139
 5332
 5660
 7170
 9413
 5955
 6384
 8082
 8687
 5726
 5511
 8918
 9868
  589
 3668
 5877
 7487
 1845
 9205
 8960
 4485
 5036
 4481
 1972
 9954
 3483
 4954
 1263
 4996
 8860
  822
 5715
 8565
 8800
 1141
 2511
 8695
 6552
 4824
 2180
 5468
  249
 5413
 4850
 7097
 2326
 9381
 4465
 6460
 4817
 1591
 4307
 8626
 5487
 8534
 2435
 7052
 8560
 4300
 8361
 1338
 2079
 2371
  235
 9919
 2085
 9665
  893
 3692
  215
 9620
 1511
 7116
 7267
 2854
 8923
   30
 8463
 1838
 9217
 5120
 3944
 7003
 1950
 2460
 8393
 2077
 4142
 8928
 8940
 1117
 6164
 9957
 6537
 9234
 4513
 9692
 9337
 8500
  391
 3793
 9379
 6690
 2690
  618
 3370
 5459
  423
 1718
  125
 3094
 8212
 6259
 6041
 3526
  245
 5086
 3207
 9011
 7523
 7333
 1048
 7702
 2381
 3848
 3649
 9534
 8796
 5172
 8339
 6403
 9157
 5027
 6568
 7323
 7567
 4031
  479
 5888
 4305
 9148
 7924
 1876
 4598
 1524
 4018
 5549
 5234
 4047
 5979
 9206
 6423
 9763
 7077
 1394
 7560
 7469
 2711
 5813
 3117
 7986
 1645
  330
  639
 9197
 6185
 6140
 8274
 7124
 6980
 8003
 9702
 9245
 8188
 7232
 1012
 1218
  373
  565
 2762
 3641
 4311
 9648
 9613
 8275
 9948
 8980
 4192
 8397
 6885
  118
 8919
 2921
 2889
  312
 8652
 5980
 3329
 4202
  949
 9460
 8614
 8955
 7903
 9819
 6727
 3068
 9800
 9117
 8706
 8330
 7965
 5380
 5533
 9489
  992
 3995
 3284
 6997
 6139
 7733
 5214
 2692
 7157
  959
 7929
 1712
 3057
 8596
 1877
 1210
 6183
 1632
 1826
 9616
 3703
 6399
 4655
 7299
 6894
 6667
 8777
 3971
 6913
  679
 9021
  944
 8459
 6815
 3458
 1621
 8876
  888
 6470
 8784
 1551
 4585
 1123
 8420
 1069
 3429
 2722
 1800
 1088
 6202
 2969
 7623
 2124
 4670
 2671
 7551
 8817
 2498
  380
 8494
 5228
 8610
  869
 8014
 2569
 1927
 6968
 8441
 2302
 8142
 3872
 8138
  594
 5725
 3153
 9400
 5541
 9726
 3864
 5299
 3076
 2940
 1415
 2607
 6949
 1325
 6111
 5720
 6091
 7355
 5817
 2023
 2001
 2400
 6817
 2115
  960
 9371
 9462
 9295
 1952
 2362
 3918
 7273
 3160
 3107
 8154
 6273
 8746
 6556
 6127
 1576
 5774
 9624
 3612
 8815
 6173
 1490
 8053
 8897
 9996
 6017
 1145
 1634
 7261
 5800
 2128
 2527
 2746
 2006
 7415
  148
 2264
 7687
 9700
 4555
  756
 9632
 6701
 5031
 3838
 4793
 5257
 2766
 4107
 4536
  420
 1557
 7948
 7395
 1792
 6075
 4435
  583
 5146
 8762
 7553
 6709
 9170
 4209
 6907
 8423
 7573
 7860
 4356
  240
 8983
 4971
 6188
  518
 7547
 1492
 6797
 6402
 8889
 7715
 2414
   40
 5596
 6015
 9515
 9081
 1986
 5070
 6261
  337
 7339
 5018
 2418
 7076
 5362
 5042
 7602
 9312
 6675
 9190
 8151
 6976
 9309
 1159
 8843
 1076
 8234
 6086
 2132
 1324
 7019
 6611
 5768
 5354
 7779
 8508
 3427
 2218
 7776
 1127
 4547
 6533
 6433
 7017
 8224
 8027
 3939
 7829
 1126
 4821
 4229
 4869
 7651
 9167
 2181
  748
 7008
 3881
 5260
 6513
 1194
 6800
 2129
 1400
  123
 2327
 3919
 1689
 1654
 3332
 3626
 1393
 6572
 3290
 8331
 8096
 2615
 7200
 2657
 7063
 4100
 9683
 1347
 6875
 4583
 3803
 3262
 5744
 1805
  874
 7845
 7853
 1103
 1448
 1822
 9215
 4214
 5778
 1658
 2726
 1686
 1209
 9013
 7624
 9506
 3019
 9580
 1989
 1099
 2452
 3048
 5889
 7595
 8192
 8491
 8185
 3407
 5514
 5717
 7657
 7067
 6786
 3263
 9865
 4548
 6905
 7600
 4477
  790
 3711
 4733
 9701
 8962
 3916
 7831
 5808
 3727
 2046
 7710
 4084
 4106
 4162
 9911
 1261
 7561
 8758
 7112
 3380
 6022
  510
 7673
 5123
 5305
 7192
 5613
  308
  412
 9679
 5312
 7372
 6569
 5084
 6651
 1449
 3562
 8998
  708
 9643
  227
 1214
 2169
 7057
 9473
 7486
 1778
 7717
 2998
 5672
 4799
 7544
 3512
 9229
 8050
 8790
 7479
 2735
 2343
 4644
 6691
 3913
 3054
 1613
 9243
 4987
 2367
 9841
 4562
 8520
 2604
 9976
 2388
 5013
 1050
 3141
 6016
 8195
 8308
 7207
 9743
 6842
 9789
 2896
 5528
 7378
  175
 3464
 7423
 2627
 6554
 9857
  821
 2702
 9002
 7084
 7514
 6438
 3726
 6770
 1213
  437
 5392
 4164
 9962
 7876
 4543
 7916
 4846
 9264
 2909
 4981
 9169
 8811
 1983
 8160
 5997
 2546
 6618
  625
 4727
 1421
 1958
 4348
 7580
 1699
 9134
 4316
 4612
 6255
  653
 8454
 4771
 1575
  624
 2216
 1596
 4606
 7037
 1125
 7498
 4856
 7520
 7947
 9965
  658
 3788
 9790
 4706
 6144
 3682
 5572
 5206
 3840
 2924
 3599
 4703
 1682
 7552
 7799
 9736
 7462
 2919
 8711
 8765
 2060
 8745
 1313
 9172
 9276
 7054
 9425
 9176
 7914
 6840
 4338
 9004
 4175
  454
 2391
 9350
 5064
 5479
 2119
 1202
 5806
 8145
 8216
 4363
  156
 5456
 7169
 9455
 3271
  548
  577
 7494
 4970
 5627
 3202
 9881
  975
 2595
 4380
 3653
 9016
 4599
 5602
 1924
 1997
  798
 1199
 7293
 7949
 1001
 9735
 8859
 5039
 5453
 3102
 6558
 8428
 6772
 1631
 3426
 1157
 8567
 4783
   70
 4559
 3645
 2337
 3231
 4498
 9067
 3311
 4658
 1513
 3878
 7781
  108
 4615
 3899
 3909
 2138
 8116
 3676
 5078
 1188
 1294
 8674
 3399
 4040
 1407
 6471
 5320
 4811
 5447
 7160
 8468
  950
 6715
 3307
 7058
 8165
  673
 8394
 8862
 2286
 8818
 2841
 4022
 2161
 2601
 4133
 5164
 1923
 3457
 1508
  993
 5290
 3713
 1573
 3804
 3276
 9467
 4032
 1538
 8929
 9872
 7622
  644
 9046
 2605
 8085
 1140
 2352
 3505
 2174
 1036
 7172
 5460
 4781
 2319
 4807
 2725
 4597
 7093
 3405
 3493
 7260
 7397
 3592
  216
 1719
 6876
 4661
 1131
  759
 4236
 2697
 5961
 1955
   39
 2550
 5360
 1963
 6766
 4570
 6105
 2879
 2745
 7439
 4590
 8051
  574
 7291
 8353
 9083
 4732
 8125
 2929
 7089
 7984
 2219
 3206
 4293
 2822
  325
 3670
 9123
 2142
 8407
 7917
 6565
 6351
  361
 3395
 7245
 7235
 4899
  256
 6448
 4515
 5661
 3476
 2419
  109
 9630
 1837
  903
 6048
 6200
 5075
  440
 3000
 2990
 5243
 1579
 7549
 8217
 9846
 9883
 8719
 7046
  470
 1468
 4484
 7515
 4839
 3797
 1047
 9200
 8999
 6535
 1853
 7504
  422
 5115
 6717
 2758
 1414
 8824
 7747
  984
 3397
  872
  259
 3712
  623
 6647
 6358
 3849
 7349
 7836
 6047
 4065
 2587
 4346
 6203
 8481
 2220
  505
 5001
 1685
 4391
 5707
 3171
 1961
 6247
 7325
 8373
 3136
 1361
 5714
 4738
 1061
 4345
 3128
 1438
 9640
 3963
 5374
 7262
 5623
 7324
 4222
 1717
 8484
 3336
 3039
 8540
 6076
 3671
 5421
 6088
 7356
 9397
 7748
 6049
 7664
 8475
 5427
 8925
 5543
 4129
 8257
  590
 2827
 8126
  386
 4827
 6897
 5755
 2374
 3227
 9249
 4649
  614
 3087
 5044
  741
 8987
 2082
 5845
 8320
 6372
 2609
 1029
 6790
 4452
 7507
 1168
 9061
 5671
 5482
 2449
 5457
 5571
 8533
 5153
 1491
 1264
 2743
 7607
 1662
 7684
 8527
 4384
  128
 3644
  172
 5201
  578
 5772
 1856
 7075
 1410
 9120
 6801
 9194
 1011
 4003
  922
 7383
  896
 6150
 3079
  453
 6280
 3055
  861
 8611
 3498
 8298
 8944
 4149
 9709
 5934
 7275
 1109
 4739
 1930
 3265
 9680
 1608
 5914
 4770
 5579
 9971
 9244
 7306
 2828
 9026
 6595
 6063
 4737
 1618
 2753
 1016
 2496
 7546
  181
 3647
 4178
 1181
 7418
 4411
  334
 2481
   99
 3784
 7363
 2195
 5444
 4794
 4343
 5293
  876
 3942
  267
  808
 8845
 9724
 3781
 5915
 4127
 4051
 4310
 2507
  463
 7882
 2539
 8764
 2850
 3709
 1138
 8909
 1916
 5176
 3189
 3847
 8666
 3026
 6733
  101
 5861
 2163
 5212
 4849
 4151
 8030
 2285
 7120
 5195
 4292
 4153
 5512
 8822
  777
 8970
 3666
 6813
 3229
 6415
 8466
 1384
 8855
   21
 8685
 5518
 1971
  632
 7475
 5490
 3629
  907
 3833
 4761
 1720
 5681
  985
  218
 5668
 6489
 8875
 4463
 4951
 6826
 6501
 5759
 4124
 6169
 4890
 8585
  828
 3479
 3741
 5946
  726
 2065
 5069
  198
 4886
 3402
  254
  444
 8067
 9540
 5268
 1894
 1340
 4977
 5873
 4165
  887
 6940
 3528
 1234
 5403
 6219
 3856
 5135
  746
 8251
 3233
 5274
 2446
 5280
 9512
 3877
 4596
 7365
 4876
 2177
 6342
 9174
  864
 8401
 1907
 3752
 8422
 7118
 9189
 3636
  284
 1501
  700
 1546
 6744
 5753
 2339
 8895
 1852
 7676
 6175
 2370
 9963
 3531
 2837
 9603
 3969
 7701
 8996
 6833
 8603
 9044
 8834
 9651
 6177
   31
 7922
 2519
 9331
 4722
 5812
 3355
 1470
 8896
 9681
 3691
 9556
 9474
 8197
